#
# leduc strategy fullgame_1.strat
# made on:       Fri Aug 17 14:10:31 2012
# abstraction:   abstractions/fullgame
# opponent:      abstractions/fullgame
# iterations:    100000000
#
J:/: 0.074544349 0.925455651 0.000000000
Q:/: 0.745267755 0.254732245 0.000000000
K:/: 0.753130673 0.246869327 0.000000000
J:/rr: 0.000000000 0.999999440 0.000000560
Q:/rr: 0.000000000 0.999999950 0.000000050
K:/rr: 0.000000000 0.999999863 0.000000137
JJ:/rrc/: 0.999623817 0.000376183 0.000000000
JQ:/rrc/: 0.128436803 0.871563197 0.000000000
JK:/rrc/: 0.541003683 0.458996317 0.000000000
QJ:/rrc/: 0.000000014 0.999999986 0.000000000
QQ:/rrc/: 0.988049315 0.011950685 0.000000000
QK:/rrc/: 0.125591804 0.874408196 0.000000000
KJ:/rrc/: 0.083644412 0.916355588 0.000000000
KQ:/rrc/: 0.711581983 0.288418017 0.000000000
KK:/rrc/: 0.530816759 0.469183241 0.000000000
JJ:/rrc/rr: 0.000000000 1.000000000 0.000000000
JQ:/rrc/rr: 0.000000000 0.000000000 1.000000000
JK:/rrc/rr: 0.000000000 0.000000116 0.999999884
QJ:/rrc/rr: 0.000000000 0.462662674 0.537337326
QQ:/rrc/rr: 0.000000000 1.000000000 0.000000000
QK:/rrc/rr: 0.000000000 0.000003862 0.999996138
KJ:/rrc/rr: 0.000000000 0.467492503 0.532507497
KQ:/rrc/rr: 0.000000000 0.391358203 0.608641797
KK:/rrc/rr: 0.000000000 1.000000000 0.000000000
JJ:/rrc/cr: 0.999861805 0.000138195 0.000000000
JQ:/rrc/cr: 0.000016151 0.000000000 0.999983849
JK:/rrc/cr: 0.918978135 0.000000091 0.081021774
QJ:/rrc/cr: 0.000000004 0.000000004 0.999999992
QQ:/rrc/cr: 1.000000000 0.000000000 0.000000000
QK:/rrc/cr: 0.000002015 0.296493337 0.703504648
KJ:/rrc/cr: 0.000078386 0.999870962 0.000050652
KQ:/rrc/cr: 0.019218269 0.913487240 0.067294491
KK:/rrc/cr: 0.999999986 0.000000014 0.000000000
JJ:/rc/: 0.976839094 0.023160906 0.000000000
JQ:/rc/: 0.999786100 0.000213900 0.000000000
JK:/rc/: 0.998798015 0.001201985 0.000000000
QJ:/rc/: 0.008261094 0.991738906 0.000000000
QQ:/rc/: 0.499343853 0.500656147 0.000000000
QK:/rc/: 0.446117248 0.553882752 0.000000000
KJ:/rc/: 0.077195173 0.922804827 0.000000000
KQ:/rc/: 0.000001581 0.999998419 0.000000000
KK:/rc/: 0.826569132 0.173430868 0.000000000
JJ:/rc/rr: 0.000000000 1.000000000 0.000000000
JQ:/rc/rr: 0.000000000 0.000000252 0.999999748
JK:/rc/rr: 0.000000000 0.000000126 0.999999874
QJ:/rc/rr: 0.000000000 0.000001523 0.999998477
QQ:/rc/rr: 0.000000000 1.000000000 0.000000000
QK:/rc/rr: 0.000000000 0.201505655 0.798494345
KJ:/rc/rr: 0.000000000 0.311673758 0.688326242
KQ:/rc/rr: 0.000000000 0.972996078 0.027003922
KK:/rc/rr: 0.000000000 0.999999963 0.000000037
JJ:/rc/cr: 1.000000000 0.000000000 0.000000000
JQ:/rc/cr: 0.000895002 0.000784620 0.998320378
JK:/rc/cr: 0.998332018 0.000069687 0.001598295
QJ:/rc/cr: 0.000000009 0.000000008 0.999999982
QQ:/rc/cr: 1.000000000 0.000000000 0.000000000
QK:/rc/cr: 0.017157384 0.519800546 0.463042070
KJ:/rc/cr: 0.003131271 0.991215536 0.005653193
KQ:/rc/cr: 0.000000424 0.488392592 0.511606984
KK:/rc/cr: 0.999999232 0.000000650 0.000000118
J:/cr: 0.018507050 0.034838958 0.946653993
Q:/cr: 0.161018933 0.838976378 0.000004689
K:/cr: 0.689722510 0.310277375 0.000000115
JJ:/crrc/: 0.993205785 0.006794215 0.000000000
JQ:/crrc/: 0.005363084 0.994636916 0.000000000
JK:/crrc/: 0.999994574 0.000005426 0.000000000
QJ:/crrc/: 0.006275077 0.993724923 0.000000000
QQ:/crrc/: 0.053772414 0.946227586 0.000000000
QK:/crrc/: 0.973116636 0.026883364 0.000000000
KJ:/crrc/: 0.071386350 0.928613650 0.000000000
KQ:/crrc/: 0.007636023 0.992363977 0.000000000
KK:/crrc/: 0.997123321 0.002876679 0.000000000
JJ:/crrc/rr: 0.000000000 1.000000000 0.000000000
JQ:/crrc/rr: 0.000000000 0.001016274 0.998983726
JK:/crrc/rr: 0.000000000 0.000000182 0.999999818
QJ:/crrc/rr: 0.000000000 0.000018083 0.999981917
QQ:/crrc/rr: 0.000000000 1.000000000 0.000000000
QK:/crrc/rr: 0.000000000 0.000077009 0.999922991
KJ:/crrc/rr: 0.000000000 0.388753359 0.611246641
KQ:/crrc/rr: 0.000000000 0.492203936 0.507796064
KK:/crrc/rr: 0.000000000 0.999999994 0.000000006
JJ:/crrc/cr: 1.000000000 0.000000000 0.000000000
JQ:/crrc/cr: 0.186822958 0.000000347 0.813176696
JK:/crrc/cr: 0.390020361 0.312771112 0.297208527
QJ:/crrc/cr: 0.000000051 0.000000051 0.999999898
QQ:/crrc/cr: 1.000000000 0.000000000 0.000000000
QK:/crrc/cr: 0.000332148 0.702263451 0.297404402
KJ:/crrc/cr: 0.000627401 0.998217018 0.001155581
KQ:/crrc/cr: 0.009750062 0.683425967 0.306823972
KK:/crrc/cr: 0.999955283 0.000043262 0.000001455
JJ:/crc/: 0.951773604 0.048226396 0.000000000
JQ:/crc/: 0.992682742 0.007317258 0.000000000
JK:/crc/: 0.029370382 0.970629618 0.000000000
QJ:/crc/: 0.029007105 0.970992895 0.000000000
QQ:/crc/: 0.991807250 0.008192750 0.000000000
QK:/crc/: 0.009302821 0.990697179 0.000000000
KJ:/crc/: 0.000000429 0.999999571 0.000000000
KQ:/crc/: 0.898917870 0.101082130 0.000000000
KK:/crc/: 0.081606285 0.918393715 0.000000000
JJ:/crc/rr: 0.000000000 1.000000000 0.000000000
JQ:/crc/rr: 0.000000000 0.000000000 1.000000000
JK:/crc/rr: 0.000000000 0.000003296 0.999996704
QJ:/crc/rr: 0.000000000 0.000000504 0.999999496
QQ:/crc/rr: 0.000000000 1.000000000 0.000000000
QK:/crc/rr: 0.000000000 0.000008127 0.999991873
KJ:/crc/rr: 0.000000000 0.300425435 0.699574565
KQ:/crc/rr: 0.000000000 0.000002019 0.999997981
KK:/crc/rr: 0.000000000 1.000000000 0.000000000
JJ:/crc/cr: 1.000000000 0.000000000 0.000000000
JQ:/crc/cr: 0.939464928 0.000000000 0.060535072
JK:/crc/cr: 0.010770139 0.000000066 0.989229794
QJ:/crc/cr: 0.002053676 0.000000010 0.997946314
QQ:/crc/cr: 1.000000000 0.000000000 0.000000000
QK:/crc/cr: 0.000006251 0.555114257 0.444879492
KJ:/crc/cr: 0.000000027 0.999999757 0.000000216
KQ:/crc/cr: 0.000000976 0.555317988 0.444681036
KK:/crc/cr: 0.999999857 0.000000143 0.000000000
JJ:/cc/: 0.000004633 0.999995367 0.000000000
JQ:/cc/: 0.189280952 0.810719048 0.000000000
JK:/cc/: 0.076650173 0.923349827 0.000000000
QJ:/cc/: 0.000000074 0.999999926 0.000000000
QQ:/cc/: 0.517621749 0.482378251 0.000000000
QK:/cc/: 0.561430403 0.438569597 0.000000000
KJ:/cc/: 0.000002872 0.999997128 0.000000000
KQ:/cc/: 0.000002977 0.999997023 0.000000000
KK:/cc/: 0.997691741 0.002308259 0.000000000
JJ:/cc/rr: 0.000000000 0.991256193 0.008743807
JQ:/cc/rr: 0.000000000 0.000000000 1.000000000
JK:/cc/rr: 0.000000000 0.000000132 0.999999868
QJ:/cc/rr: 0.000000000 0.500000000 0.500000000
QQ:/cc/rr: 0.000000000 0.999997878 0.000002122
QK:/cc/rr: 0.000000000 0.978084493 0.021915507
KJ:/cc/rr: 0.000000000 0.986767268 0.013232732
KQ:/cc/rr: 0.000000000 0.722117224 0.277882776
KK:/cc/rr: 0.000000000 0.999999814 0.000000186
JJ:/cc/cr: 0.971869484 0.028130489 0.000000027
JQ:/cc/cr: 0.000000083 0.000000000 0.999999917
JK:/cc/cr: 0.000047684 0.000000007 0.999952309
QJ:/cc/cr: 0.000000108 0.000000025 0.999999868
QQ:/cc/cr: 0.499999241 0.499999241 0.000001518
QK:/cc/cr: 0.012280661 0.987719339 0.000000000
KJ:/cc/cr: 0.000000617 0.000000894 0.999998489
KQ:/cc/cr: 0.000001405 0.421121987 0.578876608
KK:/cc/cr: 0.999870810 0.000075604 0.000053586
