J:/: 0.260276784 0.739723216 0.000000000
J:/r: 0.542097106 0.449934803 0.007968092
J:/rr: 0.000000000 0.558909529 0.441090471
JQ:/rrc/: 0.476576449 0.523423551 0.000000000
JQ:/rrc/r: 0.033712784 0.025329187 0.940958029
JQ:/rrc/rr: 0.000000000 0.260223002 0.739776998
JQ:/rrc/c: 0.156564670 0.843435330 0.000000000
JQ:/rrc/cr: 0.182111355 0.360898815 0.456989831
JQ:/rrc/crr: 0.000000000 0.283080797 0.716919203
JQ:/rc/: 0.523707646 0.476292354 0.000000000
JQ:/rc/r: 0.612267450 0.351497124 0.036235426
JQ:/rc/rr: 0.000000000 0.946256071 0.053743929
JQ:/rc/c: 0.251947734 0.748052266 0.000000000
JQ:/rc/cr: 0.364951837 0.167779794 0.467268369
JQ:/rc/crr: 0.000000000 0.720363348 0.279636652
J:/c: 0.119436056 0.880563944 0.000000000
J:/cr: 0.170845073 0.392191580 0.436963347
J:/crr: 0.000000000 0.069215477 0.930784523
JQ:/crrc/: 0.203430306 0.796569694 0.000000000
JQ:/crrc/r: 0.174658512 0.543110434 0.282231054
JQ:/crrc/rr: 0.000000000 0.313365145 0.686634855
JQ:/crrc/c: 0.059491033 0.940508967 0.000000000
JQ:/crrc/cr: 0.240243037 0.201714417 0.558042546
JQ:/crrc/crr: 0.000000000 0.363286120 0.636713880
JQ:/crc/: 0.838005843 0.161994157 0.000000000
JQ:/crc/r: 0.644565330 0.090825696 0.264608974
JQ:/crc/rr: 0.000000000 0.599689532 0.400310468
JQ:/crc/c: 0.519010752 0.480989248 0.000000000
JQ:/crc/cr: 0.083444282 0.806761414 0.109794304
JQ:/crc/crr: 0.000000000 0.102024156 0.897975844
JQ:/cc/: 0.391354733 0.608645267 0.000000000
JQ:/cc/r: 0.121051511 0.622996893 0.255951596
JQ:/cc/rr: 0.000000000 0.418892091 0.581107909
JQ:/cc/c: 0.456980031 0.543019969 0.000000000
JQ:/cc/cr: 0.397468751 0.041104929 0.561426320
JQ:/cc/crr: 0.000000000 0.398764819 0.601235181
JK:/rrc/: 0.606256933 0.393743067 0.000000000
JK:/rrc/r: 0.167794692 0.486018724 0.346186584
JK:/rrc/rr: 0.000000000 0.384688063 0.615311937
JK:/rrc/c: 0.779941982 0.220058018 0.000000000
JK:/rrc/cr: 0.723399853 0.112148600 0.164451547
JK:/rrc/crr: 0.000000000 0.761355759 0.238644241
JK:/rc/: 0.503356468 0.496643532 0.000000000
JK:/rc/r: 0.486626751 0.165478535 0.347894714
JK:/rc/rr: 0.000000000 0.543047838 0.456952162
JK:/rc/c: 0.270531046 0.729468954 0.000000000
JK:/rc/cr: 0.294532848 0.257811534 0.447655617
JK:/rc/crr: 0.000000000 0.243023659 0.756976341
JK:/crrc/: 0.525339334 0.474660666 0.000000000
JK:/crrc/r: 0.171981337 0.754647420 0.073371243
JK:/crrc/rr: 0.000000000 0.231542390 0.768457610
JK:/crrc/c: 0.473405674 0.526594326 0.000000000
JK:/crrc/cr: 0.390043849 0.452557010 0.157399141
JK:/crrc/crr: 0.000000000 0.708453828 0.291546172
JK:/crc/: 0.403363591 0.596636409 0.000000000
JK:/crc/r: 0.533018068 0.360299796 0.106682136
JK:/crc/rr: 0.000000000 0.555282010 0.444717990
JK:/crc/c: 0.705716530 0.294283470 0.000000000
JK:/crc/cr: 0.064459595 0.625428546 0.310111858
JK:/crc/crr: 0.000000000 0.407968069 0.592031931
JK:/cc/: 0.459043722 0.540956278 0.000000000
JK:/cc/r: 0.135852642 0.403778321 0.460369037
JK:/cc/rr: 0.000000000 0.253078623 0.746921377
JK:/cc/c: 0.336948032 0.663051968 0.000000000
JK:/cc/cr: 0.030985808 0.861845732 0.107168460
JK:/cc/crr: 0.000000000 0.715402813 0.284597187
Q:/rr: 0.000000000 0.667150343 0.332849657
JJ:/rrc/: 0.597946354 0.402053646 0.000000000
JJ:/rrc/r: 0.174896823 0.154080210 0.671022966
QJ:/rrc/rr: 0.000000000 0.050122491 0.949877509
JJ:/rrc/c: 0.559058423 0.440941577 0.000000000
QJ:/rrc/cr: 0.551803545 0.182032512 0.266163943
JJ:/rrc/crr: 0.000000000 0.626247617 0.373752383
QJ:/rc/: 0.620932909 0.379067091 0.000000000
JJ:/rc/r: 0.206280761 0.048864849 0.744854390
QJ:/rc/rr: 0.000000000 0.410551014 0.589448986
JJ:/rc/c: 0.285836716 0.714163284 0.000000000
QJ:/rc/cr: 0.043115327 0.409005822 0.547878851
JJ:/rc/crr: 0.000000000 0.336776298 0.663223702
Q:/cr: 0.364887125 0.248588682 0.386524193
QJ:/crrc/: 0.210971631 0.789028369 0.000000000
JJ:/crrc/r: 0.234549073 0.513016300 0.252434627
QJ:/crrc/rr: 0.000000000 0.736259746 0.263740254
JJ:/crrc/c: 0.591713476 0.408286524 0.000000000
QJ:/crrc/cr: 0.362474847 0.254672380 0.382852773
JJ:/crrc/crr: 0.000000000 0.318911404 0.681088596
JJ:/crc/: 0.442965458 0.557034542 0.000000000
JJ:/crc/r: 0.250732820 0.342969298 0.406297883
QJ:/crc/rr: 0.000000000 0.566500767 0.433499233
JJ:/crc/c: 0.979228065 0.020771935 0.000000000
QJ:/crc/cr: 0.631586824 0.118918556 0.249494620
JJ:/crc/crr: 0.000000000 0.215535610 0.784464390
QJ:/cc/: 0.720221870 0.279778130 0.000000000
JJ:/cc/r: 0.163534158 0.156361651 0.680104192
QJ:/cc/rr: 0.000000000 0.775205206 0.224794794
JJ:/cc/c: 0.782192686 0.217807314 0.000000000
QJ:/cc/cr: 0.481011809 0.328375855 0.190612336
JJ:/cc/crr: 0.000000000 0.477734440 0.522265560
QQ:/rrc/rr: 0.000000000 0.716041322 0.283958678
QQ:/rrc/cr: 0.713559436 0.210915810 0.075524753
QQ:/rc/: 0.767568743 0.232431257 0.000000000
QQ:/rc/rr: 0.000000000 0.449989919 0.550010081
QQ:/rc/cr: 0.369080568 0.336570730 0.294348702
QQ:/crrc/: 0.824474556 0.175525444 0.000000000
QQ:/crrc/rr: 0.000000000 0.510413968 0.489586032
QQ:/crrc/cr: 0.531595042 0.378389615 0.090015344
QQ:/crc/rr: 0.000000000 0.562553519 0.437446481
QQ:/crc/cr: 0.327962069 0.474258106 0.197779825
QQ:/cc/: 0.583589889 0.416410111 0.000000000
QQ:/cc/rr: 0.000000000 0.664601635 0.335398365
QQ:/cc/cr: 0.428263984 0.344532633 0.227203384
QK:/rrc/rr: 0.000000000 0.713056164 0.286943836
QK:/rrc/cr: 0.313874143 0.395625370 0.290500487
QK:/rc/: 0.493199356 0.506800644 0.000000000
QK:/rc/rr: 0.000000000 0.915633750 0.084366250
QK:/rc/cr: 0.500328376 0.150057547 0.349614076
QK:/crrc/: 0.602376602 0.397623398 0.000000000
QK:/crrc/rr: 0.000000000 0.978057506 0.021942494
QK:/crrc/cr: 0.646203676 0.117766424 0.236029900
QK:/crc/rr: 0.000000000 0.911413805 0.088586195
QK:/crc/cr: 0.212006219 0.388639062 0.399354718
QK:/cc/: 0.419747957 0.580252043 0.000000000
QK:/cc/rr: 0.000000000 0.189142264 0.810857736
QK:/cc/cr: 0.096838906 0.211461399 0.691699695
K:/rr: 0.000000000 0.422277417 0.577722583
KJ:/rrc/rr: 0.000000000 0.942186322 0.057813678
KJ:/rrc/cr: 0.208381846 0.474008852 0.317609302
KJ:/rc/: 0.041426030 0.958573970 0.000000000
KJ:/rc/rr: 0.000000000 0.182671810 0.817328190
KJ:/rc/cr: 0.430614926 0.425333153 0.144051921
K:/cr: 0.506053660 0.197645472 0.296300869
KJ:/crrc/: 0.979998577 0.020001423 0.000000000
KJ:/crrc/rr: 0.000000000 0.230304402 0.769695598
KJ:/crrc/cr: 0.290687772 0.521742958 0.187569270
KJ:/crc/rr: 0.000000000 0.461212798 0.538787202
KJ:/crc/cr: 0.371042627 0.351103467 0.277853906
KJ:/cc/: 0.491004353 0.508995647 0.000000000
KJ:/cc/rr: 0.000000000 0.468905333 0.531094667
KJ:/cc/cr: 0.447600297 0.029625719 0.522773985
KQ:/rrc/rr: 0.000000000 0.471500666 0.528499334
KQ:/rrc/cr: 0.378211909 0.364337995 0.257450097
KQ:/rc/: 0.188957632 0.811042368 0.000000000
KQ:/rc/rr: 0.000000000 0.048088874 0.951911126
KQ:/rc/cr: 0.727472453 0.101557965 0.170969582
KQ:/crrc/: 0.684621323 0.315378677 0.000000000
KQ:/crrc/rr: 0.000000000 0.363260681 0.636739319
KQ:/crrc/cr: 0.581139832 0.039075537 0.379784631
KQ:/crc/rr: 0.000000000 0.713015797 0.286984203
KQ:/crc/cr: 0.425389258 0.328155129 0.246455613
KQ:/cc/: 0.202312317 0.797687683 0.000000000
KQ:/cc/rr: 0.000000000 0.616714432 0.383285568
KQ:/cc/cr: 0.431395799 0.502640265 0.065963936
KK:/rrc/rr: 0.000000000 0.462759635 0.537240365
KK:/rrc/cr: 0.334605266 0.047847448 0.617547285
KK:/rc/: 0.023147410 0.976852590 0.000000000
KK:/rc/rr: 0.000000000 0.151569323 0.848430677
KK:/rc/cr: 0.245932249 0.294502770 0.459564981
KK:/crrc/: 0.956700849 0.043299151 0.000000000
KK:/crrc/rr: 0.000000000 0.575037982 0.424962018
KK:/crrc/cr: 0.051083063 0.140935005 0.807981932
KK:/crc/rr: 0.000000000 0.656043961 0.343956039
KK:/crc/cr: 0.236611907 0.003764351 0.759623742
KK:/cc/: 0.736099462 0.263900538 0.000000000
KK:/cc/rr: 0.000000000 0.797329473 0.202670527
KK:/cc/cr: 0.412320508 0.235789123 0.351890370
Q:/: 0.494897241 0.505102759 0.000000000
Q:/r: 0.770617381 0.187426616 0.041956003
QJ:/rrc/: 0.322599311 0.677400689 0.000000000
QJ:/rrc/r: 0.519285216 0.136571602 0.344143181
JJ:/rrc/rr: 0.000000000 0.279688213 0.720311787
QJ:/rrc/c: 0.484250129 0.515749871 0.000000000
JJ:/rrc/cr: 0.237802350 0.573215399 0.188982251
QJ:/rrc/crr: 0.000000000 0.975048457 0.024951543
JJ:/rc/: 0.499538543 0.500461457 0.000000000
QJ:/rc/r: 0.285335584 0.628623395 0.086041022
JJ:/rc/rr: 0.000000000 0.464135181 0.535864819
QJ:/rc/c: 0.365217147 0.634782853 0.000000000
JJ:/rc/cr: 0.462233595 0.470439994 0.067326411
QJ:/rc/crr: 0.000000000 0.605173692 0.394826308
Q:/c: 0.516747264 0.483252736 0.000000000
Q:/crr: 0.000000000 0.585728912 0.414271088
JJ:/crrc/: 0.872317928 0.127682072 0.000000000
QJ:/crrc/r: 0.019437003 0.670212778 0.310350219
JJ:/crrc/rr: 0.000000000 0.857574973 0.142425027
QJ:/crrc/c: 0.278991953 0.721008047 0.000000000
JJ:/crrc/cr: 0.518534737 0.238256257 0.243209006
QJ:/crrc/crr: 0.000000000 0.861712264 0.138287736
QJ:/crc/: 0.347250329 0.652749671 0.000000000
QJ:/crc/r: 0.236653432 0.340797001 0.422549567
JJ:/crc/rr: 0.000000000 0.414813965 0.585186035
QJ:/crc/c: 0.617670218 0.382329782 0.000000000
JJ:/crc/cr: 0.209542892 0.621219862 0.169237246
QJ:/crc/crr: 0.000000000 0.876395822 0.123604178
JJ:/cc/: 0.257862344 0.742137656 0.000000000
QJ:/cc/r: 0.094320007 0.209888580 0.695791413
JJ:/cc/rr: 0.000000000 0.536509052 0.463490948
QJ:/cc/c: 0.538964627 0.461035373 0.000000000
JJ:/cc/cr: 0.440665238 0.305753549 0.253581213
QJ:/cc/crr: 0.000000000 0.740515828 0.259484172
QQ:/rrc/: 0.727527807 0.272472193 0.000000000
QQ:/rrc/r: 0.534641127 0.190636655 0.274722218
QQ:/rrc/c: 0.509634917 0.490365083 0.000000000
QQ:/rrc/crr: 0.000000000 0.818676263 0.181323737
QQ:/rc/r: 0.003362095 0.461395983 0.535241922
QQ:/rc/c: 0.864488940 0.135511060 0.000000000
QQ:/rc/crr: 0.000000000 0.214702102 0.785297898
QQ:/crrc/r: 0.340790556 0.375297002 0.283912442
QQ:/crrc/c: 0.472646813 0.527353187 0.000000000
QQ:/crrc/crr: 0.000000000 0.442015718 0.557984282
QQ:/crc/: 0.522905157 0.477094843 0.000000000
QQ:/crc/r: 0.689696641 0.078337665 0.231965694
QQ:/crc/c: 0.488375761 0.511624239 0.000000000
QQ:/crc/crr: 0.000000000 0.140256231 0.859743769
QQ:/cc/r: 0.332106791 0.440621853 0.227271356
QQ:/cc/c: 0.450642455 0.549357545 0.000000000
QQ:/cc/crr: 0.000000000 0.407303747 0.592696253
QK:/rrc/: 0.259336691 0.740663309 0.000000000
QK:/rrc/r: 0.393638067 0.592029996 0.014331937
QK:/rrc/c: 0.444303591 0.555696409 0.000000000
QK:/rrc/crr: 0.000000000 0.311068633 0.688931367
QK:/rc/r: 0.365495968 0.457769449 0.176734583
QK:/rc/c: 0.410100349 0.589899651 0.000000000
QK:/rc/crr: 0.000000000 0.417642158 0.582357842
QK:/crrc/r: 0.013212299 0.349155933 0.637631768
QK:/crrc/c: 0.289932426 0.710067574 0.000000000
QK:/crrc/crr: 0.000000000 0.060394010 0.939605990
QK:/crc/: 0.476499690 0.523500310 0.000000000
QK:/crc/r: 0.107124263 0.306245481 0.586630256
QK:/crc/c: 0.351839052 0.648160948 0.000000000
QK:/crc/crr: 0.000000000 0.270862308 0.729137692
QK:/cc/r: 0.423046844 0.485654835 0.091298321
QK:/cc/c: 0.635111242 0.364888758 0.000000000
QK:/cc/crr: 0.000000000 0.560993975 0.439006025
K:/: 0.885511284 0.114488716 0.000000000
K:/r: 0.415278004 0.350472672 0.234249323
KJ:/rrc/: 0.317065127 0.682934873 0.000000000
KJ:/rrc/r: 0.420495749 0.507657540 0.071846711
KJ:/rrc/c: 0.559797329 0.440202671 0.000000000
KJ:/rrc/crr: 0.000000000 0.509312540 0.490687460
KJ:/rc/r: 0.223839554 0.405489068 0.370671378
KJ:/rc/c: 0.040487154 0.959512846 0.000000000
KJ:/rc/crr: 0.000000000 0.790864614 0.209135386
K:/c: 0.601101579 0.398898421 0.000000000
K:/crr: 0.000000000 0.743560551 0.256439449
KJ:/crrc/r: 0.631364383 0.261408565 0.107227052
KJ:/crrc/c: 0.929304051 0.070695949 0.000000000
KJ:/crrc/crr: 0.000000000 0.410475386 0.589524614
KJ:/crc/: 0.522871733 0.477128267 0.000000000
KJ:/crc/r: 0.392265718 0.468265189 0.139469093
KJ:/crc/c: 0.650630968 0.349369032 0.000000000
KJ:/crc/crr: 0.000000000 0.047982712 0.952017288
KJ:/cc/r: 0.090450072 0.396568322 0.512981606
KJ:/cc/c: 0.352203543 0.647796457 0.000000000
KJ:/cc/crr: 0.000000000 0.796773173 0.203226827
KQ:/rrc/: 0.865362089 0.134637911 0.000000000
KQ:/rrc/r: 0.086312722 0.549023254 0.364664024
KQ:/rrc/c: 0.485130705 0.514869295 0.000000000
KQ:/rrc/crr: 0.000000000 0.855550962 0.144449038
KQ:/rc/r: 0.421779553 0.262012092 0.316208355
KQ:/rc/c: 0.650044071 0.349955929 0.000000000
KQ:/rc/crr: 0.000000000 0.365102352 0.634897648
KQ:/crrc/r: 0.423482015 0.228656815 0.347861170
KQ:/crrc/c: 0.418656305 0.581343695 0.000000000
KQ:/crrc/crr: 0.000000000 0.264672006 0.735327994
KQ:/crc/: 0.591885315 0.408114685 0.000000000
KQ:/crc/r: 0.454096866 0.491330506 0.054572628
KQ:/crc/c: 0.719231447 0.280768553 0.000000000
KQ:/crc/crr: 0.000000000 0.404383785 0.595616215
KQ:/cc/r: 0.346977147 0.408870311 0.244152542
KQ:/cc/c: 0.790239885 0.209760115 0.000000000
KQ:/cc/crr: 0.000000000 0.586027835 0.413972165
KK:/rrc/: 0.132021158 0.867978842 0.000000000
KK:/rrc/r: 0.087713186 0.425504514 0.486782300
KK:/rrc/c: 0.422389601 0.577610399 0.000000000
KK:/rrc/crr: 0.000000000 0.697389091 0.302610909
KK:/rc/r: 0.000164778 0.691086434 0.308748788
KK:/rc/c: 0.669263938 0.330736062 0.000000000
KK:/rc/crr: 0.000000000 0.508942369 0.491057631
KK:/crrc/r: 0.287734602 0.614315650 0.097949748
KK:/crrc/c: 0.512449444 0.487550556 0.000000000
KK:/crrc/crr: 0.000000000 0.371559743 0.628440257
KK:/crc/: 0.402965983 0.597034017 0.000000000
KK:/crc/r: 0.253753924 0.332997520 0.413248556
KK:/crc/c: 0.521217167 0.478782833 0.000000000
KK:/crc/crr: 0.000000000 0.289807593 0.710192407
KK:/cc/r: 0.562185429 0.246074461 0.191740110
KK:/cc/c: 0.678093944 0.321906056 0.000000000
KK:/cc/crr: 0.000000000 0.702050345 0.297949655
